0 1.185781717300415
1 1.1688284873962402
2 1.1522483825683594
3 1.1360430717468262
4 1.1202137470245361
5 1.1047611236572266
6 1.089685320854187
7 1.074986219406128
8 1.0606629848480225
9 1.0467143058776855
10 1.0331385135650635
11 1.0199334621429443
12 1.007096290588379
13 0.9946240782737732
14 0.9825133085250854
15 0.9707598686218262
16 0.9593594074249268
17 0.9483070969581604
18 0.9375978708267212
19 0.9272263050079346
20 0.9171865582466125
21 0.907472550868988
22 0.8980779647827148
23 0.8889962434768677
24 0.8802206516265869
25 0.8717440366744995
26 0.8635594844818115
27 0.8556598424911499
28 0.848037600517273
29 0.8406853675842285
30 0.833595871925354
31 0.8267614841461182
32 0.8201749324798584
33 0.8138285875320435
34 0.807715117931366
35 0.8018271923065186
36 0.7961574792861938
37 0.7906986474990845
38 0.7854439616203308
39 0.7803861498832703
40 0.7755184173583984
41 0.7708339691162109
42 0.7663264274597168
43 0.7619892954826355
44 0.7578161954879761
45 0.7538012266159058
46 0.7499380111694336
47 0.7462211847305298
48 0.7426449656486511
49 0.7392038106918335
50 0.735892653465271
51 0.7327061295509338
52 0.7296395301818848
53 0.7266877889633179
54 0.7238465547561646
55 0.7211111783981323
56 0.7184774279594421
57 0.7159411311149597
58 0.7134984135627747
59 0.711145281791687
60 0.7088781595230103
61 0.7066933512687683
62 0.7045876383781433
63 0.7025575637817383
64 0.7006001472473145
65 0.698712170124054
66 0.6968907713890076
67 0.6951332092285156
68 0.6934369206428528
69 0.6917991638183594
70 0.6902174949645996
71 0.6886897087097168
72 0.6872133016586304
73 0.6857863664627075
74 0.6844067573547363
75 0.6830723881721497
76 0.6817813515663147
77 0.6805320382118225
78 0.6793224811553955
79 0.6781511306762695
80 0.6770163178443909
81 0.6759166717529297
82 0.6748504638671875
83 0.6738165020942688
84 0.6728134155273438
85 0.6718398332595825
86 0.6708946228027344
87 0.6699765920639038
88 0.6690844893455505
89 0.6682174205780029
90 0.6673743724822998
91 0.6665540933609009
92 0.6657559275627136
93 0.6649788022041321
94 0.6642218828201294
95 0.6634844541549683
96 0.6627655625343323
97 0.6620645523071289
98 0.6613807082176208
99 0.6607131958007812
100 0.6600614786148071
101 0.659424901008606
102 0.6588028073310852
103 0.6581947207450867
104 0.657599925994873
105 0.6570181250572205
106 0.656448483467102
107 0.655890703201294
108 0.6553443074226379
109 0.6548088788986206
110 0.654283881187439
111 0.6537689566612244
112 0.6532636284828186
113 0.6527676582336426
114 0.6522806882858276
115 0.651802122592926
116 0.6513318419456482
117 0.650869607925415
118 0.6504148840904236
119 0.6499674916267395
120 0.6495271325111389
121 0.6490935683250427
122 0.6486664414405823
123 0.648245632648468
124 0.6478308439254761
125 0.6474217176437378
126 0.647018313407898
127 0.6466202139854431
128 0.646227240562439
129 0.645839273929596
130 0.645456075668335
131 0.6450774073600769
132 0.644703209400177
133 0.6443332433700562
134 0.6439674496650696
135 0.6436055302619934
136 0.6432473659515381
137 0.6428929567337036
138 0.6425420045852661
139 0.6421945691108704
140 0.6418502926826477
141 0.6415092945098877
142 0.6411711573600769
143 0.6408361196517944
144 0.6405038833618164
145 0.6401742696762085
146 0.6398473381996155
147 0.6395230889320374
148 0.6392011642456055
149 0.6388815641403198
150 0.6385642886161804
151 0.6382491588592529
152 0.6379362344741821
153 0.6376252770423889
154 0.6373163461685181
155 0.63700932264328
156 0.6367040872573853
157 0.6364007592201233
158 0.6360990405082703
159 0.6357990503311157
160 0.6355006694793701
161 0.6352038383483887
162 0.6349084377288818
163 0.6346145868301392
164 0.6343220472335815
165 0.6340309381484985
166 0.6337411403656006
167 0.6334525942802429
168 0.6331653594970703
169 0.6328791379928589
170 0.6325942277908325
171 0.6323104500770569
172 0.6320276260375977
173 0.6317459940910339
174 0.6314652562141418
175 0.6311855912208557
176 0.630906879901886
177 0.6306291818618774
178 0.6303520798683167
179 0.6300761699676514
180 0.6298010349273682
181 0.6295266151428223
182 0.6292530298233032
183 0.6289802193641663
184 0.6287081837654114
185 0.6284369826316833
186 0.6281663775444031
187 0.6278964877128601
188 0.6276272535324097
189 0.6273586750030518
190 0.6270908117294312
191 0.6268234848976135
192 0.6265568733215332
193 0.6262907981872559
194 0.6260252594947815
195 0.6257603168487549
196 0.6254958510398865
197 0.6252320408821106
198 0.6249686479568481
199 0.6247057914733887
200 0.6244434118270874
201 0.6241815090179443
202 0.623920202255249
203 0.6236591935157776
204 0.6233987212181091
205 0.6231386661529541
206 0.6228790879249573
207 0.6226198673248291
208 0.6223610639572144
209 0.6221026182174683
210 0.6218447089195251
211 0.6215871572494507
212 0.6213299036026001
213 0.6210730075836182
214 0.6208165884017944
215 0.6205605268478394
216 0.6203047037124634
217 0.6200492978096008
218 0.6197941899299622
219 0.6195394992828369
220 0.6192851066589355
221 0.6190310120582581
222 0.6187771558761597
223 0.6185236573219299
224 0.6182705760002136
225 0.6180177330970764
226 0.6177650690078735
227 0.6175128221511841
228 0.6172608137130737
229 0.617009162902832
230 0.6167577505111694
231 0.6165065765380859
232 0.6162556409835815
233 0.616005003452301
234 0.6157547235488892
235 0.6155046820640564
236 0.615254819393158
237 0.6150052547454834
238 0.6147559881210327
239 0.6145068407058716
240 0.6142580509185791
241 0.6140094995498657
242 0.6137611865997314
243 0.6135130524635315
244 0.6132651567459106
245 0.6130175590515137
246 0.6127700805664062
247 0.6125230193138123
248 0.6122760772705078
249 0.6120293140411377
250 0.6117827892303467
251 0.6115365028381348
252 0.6112905144691467
253 0.6110446453094482
254 0.6107990145683289
255 0.6105536222457886
256 0.6103084087371826
257 0.610063374042511
258 0.6098186373710632
259 0.6095740795135498
260 0.6093297004699707
261 0.6090855002403259
262 0.608841598033905
263 0.6085978746414185
264 0.6083542108535767
265 0.6081109046936035
266 0.6078677177429199
267 0.6076248288154602
268 0.60738205909729
269 0.6071394681930542
270 0.6068970561027527
271 0.6066548824310303
272 0.606412947177887
273 0.6061710715293884
274 0.6059294939041138
275 0.6056880950927734
276 0.6054468750953674
277 0.605205774307251
278 0.6049649715423584
279 0.6047242879867554
280 0.6044837832450867
281 0.6042434573173523
282 0.6040033102035522
283 0.6037634015083313
284 0.6035236716270447
285 0.6032841205596924
286 0.6030447483062744
287 0.6028055548667908
288 0.6025664806365967
289 0.6023276448249817
290 0.602088987827301
291 0.6018503904342651
292 0.6016121506690979
293 0.6013740301132202
294 0.6011360883712769
295 0.600898265838623
296 0.6006606221199036
297 0.6004232168197632
298 0.6001859903335571
299 0.5999488830566406
300 0.5997120141983032
301 0.5994752645492554
302 0.5992387533187866
303 0.5990023612976074
304 0.5987661480903625
305 0.5985300540924072
306 0.5982942581176758
307 0.5980585217475891
308 0.5978230237960815
309 0.5975875854492188
310 0.5973524451255798
311 0.5971174240112305
312 0.5968825817108154
313 0.5966479182243347
314 0.5964133739471436
315 0.5961790680885315
316 0.595944881439209
317 0.5957108736038208
318 0.5954771041870117
319 0.5952433943748474
320 0.5950098633766174
321 0.5947765707969666
322 0.5945433378219604
323 0.5943104028701782
324 0.5940775871276855
325 0.5938448905944824
326 0.5936124324798584
327 0.5933800935745239
328 0.593147873878479
329 0.5929158926010132
330 0.5926840901374817
331 0.5924524068832397
332 0.5922209024429321
333 0.5919895172119141
334 0.5917583703994751
335 0.5915274024009705
336 0.5912965536117554
337 0.5910658240318298
338 0.5908353328704834
339 0.5906049609184265
340 0.5903747081756592
341 0.5901447534561157
342 0.589914858341217
343 0.5896852016448975
344 0.5894555449485779
345 0.589226245880127
346 0.5889970064163208
347 0.5887680053710938
348 0.5885390639305115
349 0.5883103013038635
350 0.5880817770957947
351 0.5878533124923706
352 0.5876250863075256
353 0.5873969793319702
354 0.5871690511703491
355 0.5869412422180176
356 0.5867136716842651
357 0.586486279964447
358 0.5862589478492737
359 0.5860318541526794
360 0.5858048796653748
361 0.5855780839920044
362 0.5853513479232788
363 0.5851249098777771
364 0.5848985314369202
365 0.5846724510192871
366 0.584446370601654
367 0.5842205286026001
368 0.5839948654174805
369 0.5837693214416504
370 0.5835440158843994
371 0.5833187103271484
372 0.5830936431884766
373 0.5828688144683838
374 0.5826440453529358
375 0.5824193954467773
376 0.5821950435638428
377 0.581970751285553
378 0.5817466378211975
379 0.5815227031707764
380 0.581298828125
381 0.5810752511024475
382 0.5808517336845398
383 0.5806284546852112
384 0.5804052352905273
385 0.5801821947097778
386 0.5799593925476074
387 0.5797367095947266
388 0.5795140862464905
389 0.5792917609214783
390 0.5790694355964661
391 0.5788474082946777
392 0.5786254405975342
393 0.5784037709236145
394 0.5781821012496948
395 0.5779606699943542
396 0.5777392983436584
397 0.5775182247161865
398 0.5772971510887146
399 0.5770763754844666
400 0.5768556594848633
401 0.5766351222991943
402 0.5764147639274597
403 0.5761945843696594
404 0.5759744644165039
405 0.5757545828819275
406 0.5755348205566406
407 0.5753151178359985
408 0.5750956535339355
409 0.5748764276504517
410 0.5746573209762573
411 0.5744382739067078
412 0.5742194652557373
413 0.5740007758140564
414 0.5737822651863098
415 0.5735638737678528
416 0.5733457207679749
417 0.5731275081634521
418 0.5729096531867981
419 0.5726918578147888
420 0.5724742412567139
421 0.5722567439079285
422 0.5720394849777222
423 0.5718222260475159
424 0.5716053247451782
425 0.5713884830474854
426 0.571171760559082
427 0.5709550976753235
428 0.5707388520240784
429 0.5705225467681885
430 0.5703064203262329
431 0.5700905323028564
432 0.5698747038841248
433 0.5696589946746826
434 0.5694435238838196
435 0.5692282319068909
436 0.5690130591392517
437 0.5687979459762573
438 0.5685830116271973
439 0.5683683156967163
440 0.5681537389755249
441 0.567939281463623
442 0.5677249431610107
443 0.5675108432769775
444 0.5672967433929443
445 0.5670830011367798
446 0.5668692588806152
447 0.5666557550430298
448 0.5664422512054443
449 0.5662290453910828
450 0.5660159587860107
451 0.5658029913902283
452 0.5655901432037354
453 0.5653775930404663
454 0.5651649832725525
455 0.5649527311325073
456 0.5647404789924622
457 0.5645283460617065
458 0.56431645154953
459 0.5641046762466431
460 0.5638930797576904
461 0.5636816024780273
462 0.5634702444076538
463 0.5632591247558594
464 0.5630480647087097
465 0.5628371238708496
466 0.5626264810562134
467 0.5624157786369324
468 0.5622053742408752
469 0.5619950890541077
470 0.5617849230766296
471 0.5615749359130859
472 0.5613650679588318
473 0.5611553192138672
474 0.5609458684921265
475 0.5607364177703857
476 0.5605271458625793
477 0.5603179931640625
478 0.5601090788841248
479 0.559900164604187
480 0.5596915483474731
481 0.5594829320907593
482 0.5592744946479797
483 0.5590662956237793
484 0.5588580965995789
485 0.5586501955986023
486 0.5584423542022705
487 0.5582347512245178
488 0.5580271482467651
489 0.5578197836875916
490 0.5576124787330627
491 0.5574054718017578
492 0.5571985244750977
493 0.556991696357727
494 0.5567850470542908
495 0.556578516960144
496 0.5563721656799316
497 0.5561658143997192
498 0.5559598207473755
499 0.5557538270950317
500 0.5555480718612671
501 0.5553423762321472
502 0.5551368594169617
503 0.5549315214157104
504 0.554726243019104
505 0.5545211434364319
506 0.5543162822723389
507 0.5541114211082458
508 0.5539066791534424
509 0.5537022352218628
510 0.553497850894928
511 0.5532936453819275
512 0.5530894994735718
513 0.5528855323791504
514 0.5526818037033081
515 0.5524780750274658
516 0.5522745847702026
517 0.552071213722229
518 0.5518679618835449
519 0.5516648292541504
520 0.5514619946479797
521 0.5512590408325195
522 0.5510563850402832
523 0.5508538484573364
524 0.5506513714790344
525 0.5504491925239563
526 0.550247073173523
527 0.5500450730323792
528 0.5498431921005249
529 0.5496415495872498
530 0.5494400262832642
531 0.5492385625839233
532 0.5490372776985168
533 0.5488362312316895
534 0.5486352443695068
535 0.5484343767166138
536 0.5482335686683655
537 0.5480330586433411
538 0.5478326082229614
539 0.5476323366165161
540 0.5474321246147156
541 0.5472322106361389
542 0.5470322966575623
543 0.5468325614929199
544 0.5466328859329224
545 0.5464334487915039
546 0.546234130859375
547 0.5460349321365356
548 0.5458358526229858
549 0.5456369519233704
550 0.5454381704330444
551 0.5452395677566528
552 0.545041024684906
553 0.5448426604270935
554 0.5446444749832153
555 0.5444463491439819
556 0.5442483425140381
557 0.5440505743026733
558 0.5438528656959534
559 0.5436553955078125
560 0.5434579849243164
561 0.5432606935501099
562 0.5430635809898376
563 0.542866587638855
564 0.5426697731018066
565 0.5424730777740479
566 0.5422763824462891
567 0.5420799851417542
568 0.541883647441864
569 0.5416874885559082
570 0.5414915084838867
571 0.5412955284118652
572 0.5410997867584229
573 0.54090416431427
574 0.5407086610794067
575 0.5405133366584778
576 0.5403181314468384
577 0.5401229858398438
578 0.5399280190467834
579 0.5397332310676575
580 0.539538562297821
581 0.5393440127372742
582 0.5391495227813721
583 0.5389552712440491
584 0.5387611389160156
585 0.5385671257972717
586 0.5383732318878174
587 0.5381794571876526
588 0.5379858613014221
589 0.5377923846244812
590 0.5375990867614746
591 0.5374058485031128
592 0.5372128486633301
593 0.5370198488235474
594 0.536827027797699
595 0.5366343259811401
596 0.5364418029785156
597 0.5362493991851807
598 0.5360571146011353
599 0.5358649492263794
600 0.5356730222702026
601 0.5354811549186707
602 0.5352893471717834
603 0.5350977182388306
604 0.534906268119812
605 0.534714937210083
606 0.534523606300354
607 0.5343326330184937
608 0.5341416597366333
609 0.5339508056640625
610 0.533760130405426
611 0.5335695147514343
612 0.5333791375160217
613 0.5331888794898987
614 0.5329986214637756
615 0.5328086614608765
616 0.5326187610626221
617 0.5324289202690125
618 0.5322393178939819
619 0.532049834728241
620 0.5318604111671448
621 0.5316711068153381
622 0.5314820408821106
623 0.5312930345535278
624 0.5311042070388794
625 0.5309154987335205
626 0.5307269096374512
627 0.5305383801460266
628 0.5303500294685364
629 0.5301618576049805
630 0.5299737453460693
631 0.5297858119010925
632 0.5295979976654053
633 0.5294103622436523
634 0.5292227268218994
635 0.5290353298187256
636 0.5288479924201965
637 0.5286608934402466
638 0.5284737944602966
639 0.528286874294281
640 0.5281001329421997
641 0.5279134511947632
642 0.5277268886566162
643 0.5275405645370483
644 0.5273541808128357
645 0.5271680355072021
646 0.5269820690155029
647 0.5267961621284485
648 0.5266104340553284
649 0.526424765586853
650 0.5262393355369568
651 0.5260539054870605
652 0.5258686542510986
653 0.5256835222244263
654 0.5254985094070435
655 0.5253136157989502
656 0.5251289010047913
657 0.5249443054199219
658 0.524759829044342
659 0.524575412273407
660 0.5243911743164062
661 0.5242071151733398
662 0.5240231156349182
663 0.5238391757011414
664 0.5236555337905884
665 0.5234718918800354
666 0.5232884287834167
667 0.5231050252914429
668 0.5229219198226929
669 0.5227388143539429
670 0.5225557684898376
671 0.5223729610443115
672 0.5221902132034302
673 0.5220076441764832
674 0.5218251943588257
675 0.521642804145813
676 0.5214605927467346
677 0.521278440952301
678 0.5210965275764465
679 0.520914614200592
680 0.5207329988479614
681 0.520551323890686
682 0.5203698873519897
683 0.5201885104179382
684 0.5200072526931763
685 0.5198261737823486
686 0.5196451544761658
687 0.519464373588562
688 0.5192835330963135
689 0.5191029906272888
690 0.5189225673675537
691 0.5187421441078186
692 0.5185618996620178
693 0.5183818340301514
694 0.5182018280029297
695 0.5180219411849976
696 0.5178422331809998
697 0.5176625847816467
698 0.5174830555915833
699 0.5173036456108093
700 0.5171244740486145
701 0.5169453024864197
702 0.5167663097381592
703 0.5165874361991882
704 0.5164086818695068
705 0.516230046749115
706 0.5160514712333679
707 0.5158731341362
708 0.5156948566436768
709 0.5155166387557983
710 0.515338659286499
711 0.5151607394218445
712 0.5149828791618347
713 0.5148053169250488
714 0.5146277546882629
715 0.5144503116607666
716 0.5142729878425598
717 0.5140958428382874
718 0.5139188170433044
719 0.5137418508529663
720 0.5135650038719177
721 0.5133883357048035
722 0.513211727142334
723 0.513035237789154
724 0.5128589868545532
725 0.5126826763153076
726 0.5125066041946411
727 0.5123306512832642
728 0.5121548175811768
729 0.5119791030883789
730 0.5118034482002258
731 0.5116279125213623
732 0.5114525556564331
733 0.5112772583961487
734 0.5111021399497986
735 0.5109270811080933
736 0.510752260684967
737 0.5105774402618408
738 0.5104028582572937
739 0.5102282762527466
740 0.510053813457489
741 0.5098795890808105
742 0.5097053050994873
743 0.5095313191413879
744 0.5093573331832886
745 0.5091834664344788
746 0.5090097784996033
747 0.5088361501693726
748 0.5086627006530762
749 0.5084893107414246
750 0.5083160400390625
751 0.5081429481506348
752 0.5079699754714966
753 0.5077970027923584
754 0.5076243281364441
755 0.507451593875885
756 0.507279098033905
757 0.5071067214012146
758 0.5069343447685242
759 0.5067622065544128
760 0.5065901279449463
761 0.5064181685447693
762 0.5062463879585266
763 0.5060746669769287
764 0.5059030652046204
765 0.5057315826416016
766 0.5055602192878723
767 0.5053889751434326
768 0.5052178502082825
769 0.5050467252731323
770 0.504875898361206
771 0.5047050714492798
772 0.5045344233512878
773 0.5043638348579407
774 0.5041933655738831
775 0.5040231347084045
776 0.503852903842926
777 0.5036827921867371
778 0.5035127997398376
779 0.5033429265022278
780 0.5031731724739075
781 0.5030035972595215
782 0.5028340816497803
783 0.5026646256446838
784 0.5024953484535217
785 0.5023261308670044
786 0.5021570920944214
787 0.5019881725311279
788 0.501819372177124
789 0.5016506314277649
790 0.5014819502830505
791 0.5013135075569153
792 0.5011451244354248
793 0.5009769201278687
794 0.5008087754249573
795 0.5006407499313354
796 0.5004728436470032
797 0.5003049969673157
798 0.5001373291015625
799 0.4999697506427765
800 0.49980226159095764
801 0.49963486194610596
802 0.4994676411151886
803 0.4993005394935608
804 0.49913352727890015
805 0.49896666407585144
806 0.49879980087280273
807 0.49863317608833313
808 0.4984666109085083
809 0.498300164937973
810 0.4981337785720825
811 0.49796757102012634
812 0.49780142307281494
813 0.4976354241371155
814 0.49746957421302795
815 0.4973038136959076
816 0.497138112783432
817 0.49697259068489075
818 0.49680718779563904
819 0.49664175510406494
820 0.4964766204357147
821 0.4963114261627197
822 0.49614644050598145
823 0.4959816038608551
824 0.49581673741340637
825 0.4956521689891815
826 0.4954875707626343
827 0.49532318115234375
828 0.495158851146698
829 0.494994580745697
830 0.494830459356308
831 0.4946664571762085
832 0.49450254440307617
833 0.4943387806415558
834 0.49417513608932495
835 0.4940115809440613
836 0.4938480854034424
837 0.4936847984790802
838 0.49352148175239563
839 0.49335843324661255
840 0.49319544434547424
841 0.4930325150489807
842 0.49286967515945435
843 0.4927070140838623
844 0.4925445318222046
845 0.4923819601535797
846 0.4922196865081787
847 0.4920574426651001
848 0.49189522862434387
849 0.49173322319984436
850 0.491571307182312
851 0.4914095103740692
852 0.4912478029727936
853 0.4910861849784851
854 0.4909246861934662
855 0.4907633662223816
856 0.4906021058559418
857 0.49044087529182434
858 0.49027982354164124
859 0.49011895060539246
860 0.4899580776691437
861 0.48979729413986206
862 0.48963671922683716
863 0.48947617411613464
864 0.4893157482147217
865 0.48915547132492065
866 0.4889953136444092
867 0.48883524537086487
868 0.48867520689964294
869 0.48851537704467773
870 0.4883556365966797
871 0.4881959557533264
872 0.4880363941192627
873 0.4878769516944885
874 0.4877176284790039
875 0.48755839467048645
876 0.48739930987358093
877 0.4872402846813202
878 0.487081378698349
879 0.4869225025177002
880 0.4867638349533081
881 0.486605167388916
882 0.4864467978477478
883 0.4862883687019348
884 0.48613011837005615
885 0.48597195744514465
886 0.4858138859272003
887 0.48565587401390076
888 0.4854980707168579
889 0.48534032702445984
890 0.48518264293670654
891 0.4850251078605652
892 0.4848676919937134
893 0.48471036553382874
894 0.48455315828323364
895 0.4843960106372833
896 0.48423904180526733
897 0.48408210277557373
898 0.4839252829551697
899 0.4837685823440552
900 0.48361197113990784
901 0.4834555983543396
902 0.4832991063594818
903 0.4831428527832031
904 0.4829866588115692
905 0.48283064365386963
906 0.48267465829849243
907 0.4825187921524048
908 0.4823629856109619
909 0.4822072982788086
910 0.4820517897605896
911 0.4818963408470154
912 0.4817410111427307
913 0.4815857410430908
914 0.4814305901527405
915 0.4812755584716797
916 0.48112067580223083
917 0.480965793132782
918 0.48081111907958984
919 0.4806564748287201
920 0.4805019199848175
921 0.48034754395484924
922 0.480193167924881
923 0.48003894090652466
924 0.47988489270210266
925 0.47973087430000305
926 0.4795769453048706
927 0.4794231951236725
928 0.47926944494247437
929 0.47911590337753296
930 0.47896233201026917
931 0.4788089394569397
932 0.4786556661128998
933 0.47850242257118225
934 0.47834938764572144
935 0.4781963527202606
936 0.47804343700408936
937 0.47789064049720764
938 0.47773802280426025
939 0.47758543491363525
940 0.47743290662765503
941 0.47728055715560913
942 0.47712820768356323
943 0.47697606682777405
944 0.47682395577430725
945 0.4766719937324524
946 0.4765201210975647
947 0.4763683080673218
948 0.4762166142463684
949 0.476065069437027
950 0.4759135842323303
951 0.47576218843460083
952 0.4756109118461609
953 0.4754597544670105
954 0.4753086566925049
955 0.47515764832496643
956 0.4750067889690399
957 0.4748559892177582
958 0.4747053384780884
959 0.47455480694770813
960 0.4744042158126831
961 0.47425389289855957
962 0.4741035997867584
963 0.4739534258842468
964 0.4738033711910248
965 0.4736533463001251
966 0.473503440618515
967 0.47335368394851685
968 0.47320401668548584
969 0.473054438829422
970 0.47290492057800293
971 0.472755491733551
972 0.47260624170303345
973 0.47245705127716064
974 0.472307950258255
975 0.47215893864631653
976 0.4720100164413452
977 0.47186124324798584
978 0.47171252965927124
979 0.47156384587287903
980 0.47141537070274353
981 0.4712669849395752
982 0.47111865878105164
983 0.47097039222717285
984 0.4708223342895508
985 0.4706742763519287
986 0.4705263674259186
987 0.4703785181045532
988 0.4702307879924774
989 0.4700831472873688
990 0.46993565559387207
991 0.46978822350502014
992 0.46964091062545776
993 0.4694936275482178
994 0.46934646368026733
995 0.46919941902160645
996 0.4690524637699127
997 0.46890559792518616
998 0.46875879168510437
999 0.4686121940612793